0
8.512343978012167
